#Persistency p = -1.000000
#Number of sampled random angles: 10000000
#Angle	Relative weight
-3.142	0.000000
-3.016	0.000000
-2.890	0.000000
-2.765	0.000000
-2.639	0.000000
-2.513	0.000000
-2.388	0.000000
-2.262	0.000000
-2.136	0.000000
-2.011	0.000000
-1.885	0.000000
-1.759	0.000000
-1.634	0.000000
-1.508	0.000000
-1.382	0.000000
-1.257	0.000000
-1.131	0.000000
-1.005	0.000000
-0.880	0.000000
-0.754	0.000000
-0.628	0.000000
-0.503	0.000000
-0.377	0.000000
-0.251	0.000000
-0.126	0.000000
0.000	0.000000
0.126	0.000000
0.251	0.000000
0.377	0.000000
0.503	0.000000
0.628	0.000000
0.754	0.000000
0.880	0.000000
1.005	0.000000
1.131	0.000000
1.257	0.000000
1.382	0.000000
1.508	0.000000
1.634	0.000000
1.759	0.000000
1.885	0.000000
2.011	0.000000
2.136	0.000000
2.262	0.000000
2.388	0.000000
2.513	0.000000
2.639	0.000000
2.765	0.000000
2.890	0.000000
3.016	1.000000
3.142	0.000000