#Parabolic search strategy:
#p(d) = p_max - (p_max - p_min) * (d - 200 / 2sqrt2)^2 * (2sqrt2 / 200)^2
#System variables:
#Boundary type: 1
#System Length: 200
#Detection Radius: 1
#Ensembles: 1000000

#p_min	p_max	<fpt>	<delta>
0.000	0.000	196108.418082	198.005323
0.000	0.050	186912.574010	188.545661
0.000	0.100	178685.041820	180.352244
0.000	0.150	171594.409377	172.931445
0.000	0.200	164771.358064	165.849115
0.000	0.250	158703.263453	159.736442
0.000	0.300	152675.356692	153.546720
0.000	0.350	147448.680317	148.056547
0.000	0.400	142541.748442	143.178729
0.000	0.450	138110.397021	138.535213
0.000	0.500	133529.838896	133.881606
0.000	0.550	129672.084795	130.023154
0.000	0.600	125829.950132	126.121469
0.000	0.650	122195.480589	122.442815
0.000	0.700	118471.026637	118.735697
0.000	0.750	115229.759070	115.413650
0.000	0.800	111956.622225	112.139889
0.000	0.850	108912.127672	109.186970
0.000	0.900	106187.223203	106.220295
0.000	0.950	103365.678990	103.447715
0.000	1.000	100885.540937	100.968343

0.050	0.000	178767.516617	180.728422
0.050	0.050	170187.421654	171.837493
0.050	0.100	163335.995487	164.740791
0.050	0.150	156021.003352	157.391939
0.050	0.200	150061.716989	150.972222
0.050	0.250	144181.130399	145.151378
0.050	0.300	139069.070185	139.785638
0.050	0.350	134418.687855	135.517796
0.050	0.400	129538.585966	130.038551
0.050	0.450	125368.241607	125.791096
0.050	0.500	121145.519530	121.581052
0.050	0.550	117540.983443	118.158137
0.050	0.600	114122.597222	114.355578
0.050	0.650	110522.736057	110.725591
0.050	0.700	107255.151991	107.578477
0.050	0.750	104473.184452	104.626705
0.050	0.800	101262.623860	101.454917
0.050	0.850	98521.544027	98.717633
0.050	0.900	95674.035441	95.822416
0.050	0.950	93263.330839	93.427876
0.050	1.000	91000.637494	91.092294

0.100	0.000	164166.671214	165.998460
0.100	0.050	156419.068075	158.104623
0.100	0.100	149256.700155	150.650833
0.100	0.150	143065.739892	144.230661
0.100	0.200	136854.845196	138.140683
0.100	0.250	132235.053641	133.256285
0.100	0.300	126937.699674	127.675537
0.100	0.350	122289.351531	123.030872
0.100	0.400	118319.747787	118.838844
0.100	0.450	114359.268521	114.756576
0.100	0.500	110481.618667	110.788388
0.100	0.550	106950.917320	107.375044
0.100	0.600	103517.332217	103.740031
0.100	0.650	100540.894871	100.790714
0.100	0.700	97525.221669	97.900066
0.100	0.750	94608.709378	95.017473
0.100	0.800	91830.895879	92.037984
0.100	0.850	89220.399966	89.458096
0.100	0.900	86721.849082	86.847635
0.100	0.950	84529.297456	84.665088
0.100	1.000	82420.990014	82.490130

0.150	0.000	151103.517740	153.101472
0.150	0.050	143755.129088	145.531980
0.150	0.100	137293.544434	138.793220
0.150	0.150	131252.513653	132.462280
0.150	0.200	126238.035409	127.423404
0.150	0.250	120921.692253	121.984652
0.150	0.300	116372.371287	117.406388
0.150	0.350	112261.967093	112.854126
0.150	0.400	108242.638080	108.878361
0.150	0.450	104514.313085	104.882279
0.150	0.500	101080.014231	101.482121
0.150	0.550	97695.437369	98.179569
0.150	0.600	94592.523221	95.055590
0.150	0.650	91703.529129	91.854451
0.150	0.700	88778.465586	89.022255
0.150	0.750	85970.268844	86.231155
0.150	0.800	83500.829754	83.824044
0.150	0.850	81196.202197	81.401473
0.150	0.900	78898.152790	78.952909
0.150	0.950	76578.711770	76.702885
0.150	1.000	74541.734543	74.668867

0.200	0.000	139743.209330	141.693181
0.200	0.050	132786.331674	134.667682
0.200	0.100	126721.098119	128.291608
0.200	0.150	121037.073760	122.251624
0.200	0.200	116159.093882	117.142501
0.200	0.250	111422.618161	112.596990
0.200	0.300	107039.528286	107.779965
0.200	0.350	103074.885469	103.852375
0.200	0.400	99235.683866	99.948605
0.200	0.450	95863.794830	96.544824
0.200	0.500	92393.699708	92.994830
0.200	0.550	89481.712569	89.794857
0.200	0.600	86422.259553	86.705074
0.200	0.650	83711.256808	84.020391
0.200	0.700	81087.909112	81.168451
0.200	0.750	78557.334798	78.858910
0.200	0.800	76197.745914	76.386513
0.200	0.850	73779.354703	73.841917
0.200	0.900	71710.833091	71.827111
0.200	0.950	69626.764024	69.807682
0.200	1.000	67624.260033	67.681279

0.250	0.000	129475.955176	131.365710
0.250	0.050	122976.347998	124.589429
0.250	0.100	117191.024170	118.820600
0.250	0.150	111949.284181	113.400261
0.250	0.200	107178.845212	108.140542
0.250	0.250	102833.281013	103.765827
0.250	0.300	98642.088511	99.356368
0.250	0.350	94789.356729	95.498265
0.250	0.400	91287.574592	91.898164
0.250	0.450	87958.129582	88.380238
0.250	0.500	85010.217330	85.265091
0.250	0.550	82051.282053	82.345881
0.250	0.600	79328.559525	79.718057
0.250	0.650	76646.392360	76.879092
0.250	0.700	74180.508100	74.340114
0.250	0.750	71710.701597	71.910363
0.250	0.800	69555.256752	69.758113
0.250	0.850	67317.387430	67.512273
0.250	0.900	65345.435773	65.424883
0.250	0.950	63438.961553	63.596417
0.250	1.000	61566.417064	61.708856

0.300	0.000	120452.879718	122.536030
0.300	0.050	114314.038761	115.949460
0.300	0.100	108577.041119	110.085058
0.300	0.150	103671.946371	105.010746
0.300	0.200	99277.274428	100.250343
0.300	0.250	94871.582295	95.686956
0.300	0.300	91083.589181	92.043643
0.300	0.350	87631.308963	88.209474
0.300	0.400	84247.483282	84.945426
0.300	0.450	81064.711313	81.657029
0.300	0.500	78094.358860	78.596492
0.300	0.550	75347.971608	75.653286
0.300	0.600	72632.711223	72.958389
0.300	0.650	70209.560755	70.568075
0.300	0.700	67982.702778	68.148219
0.300	0.750	65563.464499	65.679627
0.300	0.800	63511.587191	63.625342
0.300	0.850	61465.681386	61.550337
0.300	0.900	59534.277073	59.648290
0.300	0.950	57662.774587	57.779569
0.300	1.000	55913.359160	55.955865

0.350	0.000	112080.643049	114.094916
0.350	0.050	106250.760752	108.167035
0.350	0.100	100917.280528	102.253076
0.350	0.150	96324.600144	97.513359
0.350	0.200	91882.914835	92.974613
0.350	0.250	87876.873261	88.810172
0.350	0.300	84282.692320	85.214687
0.350	0.350	81072.168893	81.887598
0.350	0.400	77709.050872	78.275947
0.350	0.450	74868.994505	75.284470
0.350	0.500	71919.198574	72.361562
0.350	0.550	69255.779845	69.518886
0.350	0.600	66735.744472	67.050705
0.350	0.650	64432.947533	64.632556
0.350	0.700	62209.825842	62.432309
0.350	0.750	60062.796013	60.278416
0.350	0.800	58112.839877	58.134882
0.350	0.850	56126.510481	56.185762
0.350	0.900	54234.533909	54.356992
0.350	0.950	52461.278444	52.511259
0.350	1.000	50972.290054	51.018020

0.400	0.000	104593.558978	106.732656
0.400	0.050	99105.630424	101.025093
0.400	0.100	94077.955921	95.583424
0.400	0.150	89664.794181	91.085542
0.400	0.200	85298.897564	86.387205
0.400	0.250	81475.006229	82.440909
0.400	0.300	78237.637573	79.017737
0.400	0.350	74673.299660	75.354883
0.400	0.400	71768.208355	72.352515
0.400	0.450	68919.703519	69.436076
0.400	0.500	66277.328407	66.688984
0.400	0.550	63825.536047	64.194512
0.400	0.600	61502.506720	61.795100
0.400	0.650	59257.124590	59.490484
0.400	0.700	57020.798446	57.229040
0.400	0.750	55078.010896	55.231968
0.400	0.800	53061.286568	53.166816
0.400	0.850	51253.923582	51.315142
0.400	0.900	49433.190769	49.516426
0.400	0.950	47814.016674	47.767597
0.400	1.000	46196.903786	46.320414

0.450	0.000	97833.858845	100.081063
0.450	0.050	92629.112386	94.495259
0.450	0.100	87979.341728	89.727675
0.450	0.150	83374.656681	84.719740
0.450	0.200	79313.043535	80.306300
0.450	0.250	75687.377014	76.780787
0.450	0.300	72525.722939	73.303178
0.450	0.350	69338.662609	69.954134
0.450	0.400	66464.749409	67.006109
0.450	0.450	63650.302637	64.101412
0.450	0.500	61177.036460	61.651335
0.450	0.550	58821.297380	59.158508
0.450	0.600	56453.654484	56.817625
0.450	0.650	54350.922052	54.541594
0.450	0.700	52334.261554	52.546491
0.450	0.750	50334.569213	50.611382
0.450	0.800	48553.499394	48.708433
0.450	0.850	46771.299172	46.916557
0.450	0.900	45068.229181	45.091663
0.450	0.950	43542.191393	43.596187
0.450	1.000	42000.799351	42.136076

0.500	0.000	91596.861241	93.656791
0.500	0.050	86553.596180	88.452560
0.500	0.100	82007.768343	83.684653
0.500	0.150	77750.954976	79.133268
0.500	0.200	74020.480507	75.230331
0.500	0.250	70271.188319	71.272273
0.500	0.300	67234.864593	68.196847
0.500	0.350	64300.185945	65.028802
0.500	0.400	61501.349971	62.072721
0.500	0.450	58799.953577	59.277652
0.500	0.500	56523.983248	57.042225
0.500	0.550	54140.894984	54.468166
0.500	0.600	52037.927524	52.437412
0.500	0.650	50014.455104	50.266838
0.500	0.700	48031.901143	48.233132
0.500	0.750	46159.626392	46.267026
0.500	0.800	44395.325368	44.538278
0.500	0.850	42674.796566	42.760749
0.500	0.900	41073.565088	41.116911
0.500	0.950	39571.175933	39.703681
0.500	1.000	38193.104711	38.319295

0.550	0.000	85713.146091	87.816655
0.550	0.050	80967.702772	82.896354
0.550	0.100	76511.700516	78.065123
0.550	0.150	72506.727872	73.911294
0.550	0.200	68837.988264	69.941805
0.550	0.250	65573.304227	66.555050
0.550	0.300	62475.983884	63.373027
0.550	0.350	59577.340258	60.351199
0.550	0.400	56948.342918	57.565407
0.550	0.450	54416.324083	54.926172
0.550	0.500	52077.841364	52.468822
0.550	0.550	49880.499046	50.215911
0.550	0.600	47833.061527	48.170766
0.550	0.650	45886.944061	46.055246
0.550	0.700	44030.717337	44.165873
0.550	0.750	42199.344382	42.343095
0.550	0.800	40582.344233	40.759612
0.550	0.850	38890.000339	38.928061
0.550	0.900	37461.892769	37.530333
0.550	0.950	35964.412596	36.030491
0.550	1.000	34635.168173	34.646468

0.600	0.000	80683.067700	82.976027
0.600	0.050	75758.244059	77.792299
0.600	0.100	71658.276437	73.329193
0.600	0.150	67831.278322	69.263213
0.600	0.200	64371.218340	65.596816
0.600	0.250	61082.831665	62.132117
0.600	0.300	58132.586519	59.167214
0.600	0.350	55323.574735	56.005268
0.600	0.400	52784.019254	53.418701
0.600	0.450	50436.191985	50.910291
0.600	0.500	48198.494085	48.566561
0.600	0.550	46053.480119	46.368678
0.600	0.600	44132.638464	44.372892
0.600	0.650	42223.154969	42.485074
0.600	0.700	40420.126903	40.617751
0.600	0.750	38657.399062	38.819437
0.600	0.800	36990.246039	37.149046
0.600	0.850	35453.952096	35.618401
0.600	0.900	34064.197972	34.122962
0.600	0.950	32642.382505	32.632574
0.600	1.000	31473.918298	31.483598

0.650	0.000	76011.200721	78.381151
0.650	0.050	71180.011405	73.168822
0.650	0.100	67068.616386	68.882768
0.650	0.150	63473.812070	64.859744
0.650	0.200	60024.794499	61.113527
0.650	0.250	56958.464947	57.925643
0.650	0.300	54126.757527	54.934313
0.650	0.350	51420.425163	52.129109
0.650	0.400	48933.089836	49.594276
0.650	0.450	46663.299073	47.196366
0.650	0.500	44472.934021	44.909124
0.650	0.550	42474.218752	42.834014
0.650	0.600	40511.298894	40.819100
0.650	0.650	38772.359297	38.998908
0.650	0.700	37040.552222	37.231510
0.650	0.750	35400.522276	35.546961
0.650	0.800	33868.168511	33.940439
0.650	0.850	32381.693151	32.451187
0.650	0.900	30968.543006	31.007219
0.650	0.950	29617.408220	29.669884
0.650	1.000	28516.888861	28.556029

0.700	0.000	71321.716845	73.853710
0.700	0.050	66877.431311	69.002974
0.700	0.100	62913.106207	64.660897
0.700	0.150	59410.775321	60.764872
0.700	0.200	56193.164019	57.546876
0.700	0.250	53266.297025	54.297157
0.700	0.300	50408.726171	51.270188
0.700	0.350	47889.111334	48.595645
0.700	0.400	45464.868274	46.111463
0.700	0.450	43224.299482	43.782478
0.700	0.500	41174.077982	41.597367
0.700	0.550	39194.499613	39.542881
0.700	0.600	37358.785964	37.671604
0.700	0.650	35681.129389	35.894567
0.700	0.700	34005.653810	34.223089
0.700	0.750	32430.147143	32.573909
0.700	0.800	30897.468474	30.969774
0.700	0.850	29471.657299	29.574196
0.700	0.900	28121.054448	28.230140
0.700	0.950	26877.869148	26.904218
0.700	1.000	25848.259624	25.891584

0.750	0.000	67349.434300	69.742027
0.750	0.050	63002.657625	65.034277
0.750	0.100	59186.827406	60.927533
0.750	0.150	55655.857344	57.142012
0.750	0.200	52503.867538	53.721258
0.750	0.250	49737.690197	50.866116
0.750	0.300	47118.445323	48.024310
0.750	0.350	44576.027322	45.297243
0.750	0.400	42192.804723	42.833833
0.750	0.450	40137.488034	40.707610
0.750	0.500	38061.808980	38.557423
0.750	0.550	36171.145850	36.522612
0.750	0.600	34509.536814	34.750046
0.750	0.650	32784.442342	33.039434
0.750	0.700	31203.943668	31.369514
0.750	0.750	29694.546085	29.831875
0.750	0.800	28229.178903	28.337371
0.750	0.850	26905.886785	26.965717
0.750	0.900	25617.664376	25.652874
0.750	0.950	24378.273158	24.350065
0.750	1.000	23463.307458	23.482498

0.800	0.000	63563.524838	65.987534
0.800	0.050	59381.905407	61.465110
0.800	0.100	55766.639132	57.516112
0.800	0.150	52356.164298	53.903377
0.800	0.200	49220.216690	50.520402
0.800	0.250	46473.164902	47.603332
0.800	0.300	43883.020000	44.812888
0.800	0.350	41478.742046	42.141666
0.800	0.400	39296.443800	39.876848
0.800	0.450	37332.330331	37.889095
0.800	0.500	35274.880003	35.750410
0.800	0.550	33471.643362	33.789042
0.800	0.600	31798.760588	32.144126
0.800	0.650	30223.659954	30.384893
0.800	0.700	28637.935736	28.854318
0.800	0.750	27192.726948	27.317981
0.800	0.800	25809.048048	25.902053
0.800	0.850	24471.583940	24.524748
0.800	0.900	23298.862770	23.365971
0.800	0.950	22142.939509	22.162837
0.800	1.000	21320.761816	21.305974

0.850	0.000	60167.246260	62.620662
0.850	0.050	55995.398019	58.077983
0.850	0.100	52458.064611	54.272297
0.850	0.150	49212.731825	50.834873
0.850	0.200	46231.138875	47.403279
0.850	0.250	43543.803232	44.611501
0.850	0.300	41031.659803	42.000188
0.850	0.350	38738.323418	39.530678
0.850	0.400	36692.902583	37.326910
0.850	0.450	34650.989778	35.173354
0.850	0.500	32739.801696	33.186019
0.850	0.550	31025.659403	31.384042
0.850	0.600	29349.606342	29.614542
0.850	0.650	27792.265564	27.965340
0.850	0.700	26396.515950	26.623883
0.850	0.750	25037.195566	25.160274
0.850	0.800	23673.555521	23.718105
0.850	0.850	22434.110553	22.466644
0.850	0.900	21244.144598	21.241668
0.850	0.950	20178.173682	20.208707
0.850	1.000	19569.670189	19.535187

0.900	0.000	56968.267369	59.480834
0.900	0.050	53002.180523	55.118242
0.900	0.100	49429.194401	51.225317
0.900	0.150	46361.057352	47.879490
0.900	0.200	43495.463514	44.750530
0.900	0.250	40858.411007	41.953504
0.900	0.300	38465.460656	39.325914
0.900	0.350	36272.130031	37.058474
0.900	0.400	34256.526503	34.867442
0.900	0.450	32283.952488	32.911510
0.900	0.500	30491.319807	30.932959
0.900	0.550	28842.164062	29.198328
0.900	0.600	27196.048023	27.429510
0.900	0.650	25742.594011	25.918682
0.900	0.700	24374.311279	24.549222
0.900	0.750	23070.240109	23.211462
0.900	0.800	21777.852975	21.857546
0.900	0.850	20618.748148	20.649527
0.900	0.900	19499.076438	19.522623
0.900	0.950	18474.683308	18.481023
0.900	1.000	18248.036909	18.259616

0.950	0.000	54041.831454	56.667202
0.950	0.050	50278.706777	52.444608
0.950	0.100	46794.973355	48.562968
0.950	0.150	43833.754107	45.361021
0.950	0.200	40988.825263	42.301487
0.950	0.250	38606.073203	39.750810
0.950	0.300	36268.746463	37.254140
0.950	0.350	34103.958800	34.944892
0.950	0.400	32013.684106	32.614165
0.950	0.450	30210.141898	30.812542
0.950	0.500	28477.652616	28.925286
0.950	0.550	26886.231215	27.218888
0.950	0.600	25353.082733	25.620545
0.950	0.650	23959.738707	24.130559
0.950	0.700	22575.154039	22.697622
0.950	0.750	21353.784867	21.481533
0.950	0.800	20175.642365	20.205463
0.950	0.850	19075.969388	19.101673
0.950	0.900	18108.902651	18.141819
0.950	0.950	17193.625455	17.229930
0.950	1.000	19379.282479	19.421634

1.000	0.000	51420.502243	53.989147
1.000	0.050	47674.881448	49.842108
1.000	0.100	44519.812316	46.316614
1.000	0.150	41550.356058	43.193769
1.000	0.200	38869.413572	40.202606
1.000	0.250	36438.411685	37.508148
1.000	0.300	34230.732948	35.153647
1.000	0.350	32127.010279	32.936170
1.000	0.400	30251.557683	30.902420
1.000	0.450	28441.772466	28.987293
1.000	0.500	26750.181785	27.181068
1.000	0.550	25295.906744	25.671347
1.000	0.600	23849.911796	24.131907
1.000	0.650	22458.493493	22.662490
1.000	0.700	21225.687100	21.380258
1.000	0.750	20043.587427	20.173754
1.000	0.800	18970.367674	19.055164
1.000	0.850	17966.295571	17.969926
1.000	0.900	17067.582372	17.121120
1.000	0.950	16303.280291	16.299825
1.000	1.000	NaN	NaN
