#System variables:
#Boundary type: 1
#System Length: 1000
#Detection Radius: 1
#Ensembles: 1000000

#rlp	p	<fpt>	delta	<fpt>/<fpt>_0	delta

0.001	0.250	1314509.947984	1314.553555	1.000000	0.001000
0.010	0.900	577366.470506	576.708316	0.439226	0.000439
0.020	0.950	525840.007329	525.590927	0.400027	0.000400
0.030	0.967	509038.554819	509.185608	0.387246	0.000387
0.040	0.975	500076.188209	500.801395	0.380428	0.000381
0.050	0.980	494529.481064	494.925610	0.376208	0.000377
0.060	0.983	491726.699202	491.826863	0.374076	0.000374
0.070	0.986	489590.736298	489.348547	0.372451	0.000372
0.080	0.988	487412.217373	487.384856	0.370794	0.000371
0.090	0.989	486145.987655	486.074066	0.369831	0.000370
0.100	0.990	484503.080271	484.515641	0.368581	0.000369
0.110	0.991	484758.063393	484.987449	0.368775	0.000369
0.120	0.992	483704.782833	483.974186	0.367973	0.000368
0.130	0.992	483132.702707	483.355063	0.367538	0.000368
0.140	0.993	482815.593504	482.509837	0.367297	0.000367
0.150	0.993	484378.565096	485.124192	0.368486	0.000369
0.160	0.994	483886.342348	483.919981	0.368112	0.000368
0.170	0.994	484753.260727	484.623734	0.368771	0.000369
0.180	0.994	486734.552655	487.129030	0.370278	0.000371
0.190	0.995	487872.977955	487.056560	0.371144	0.000371
0.200	0.995	488215.185106	488.223669	0.371405	0.000371
0.210	0.995	490415.696156	490.872134	0.373079	0.000373
0.220	0.995	491425.044375	491.269996	0.373847	0.000374
0.230	0.996	494021.380391	494.236208	0.375822	0.000376
0.240	0.996	495631.641068	497.006088	0.377047	0.000378
0.250	0.996	498108.759329	498.658470	0.378931	0.000379
0.260	0.996	501928.505028	501.906836	0.381837	0.000382
0.270	0.996	504521.195477	505.236920	0.383809	0.000384
0.280	0.996	508241.179678	508.962874	0.386639	0.000387
0.290	0.997	509348.682050	509.524514	0.387482	0.000388
0.300	0.997	514322.459076	514.634662	0.391266	0.000392
0.310	0.997	516980.014157	518.181931	0.393287	0.000394
0.320	0.997	520434.534621	520.305968	0.395915	0.000396
0.330	0.997	523760.099696	524.591331	0.398445	0.000399
0.340	0.997	527272.986222	527.022620	0.401118	0.000401
0.350	0.997	532279.983177	532.600677	0.404927	0.000405
0.360	0.997	536195.130797	536.617203	0.407905	0.000408
0.370	0.997	539985.750398	540.928532	0.410789	0.000412
0.380	0.997	542767.200151	543.685775	0.412905	0.000414
0.390	0.997	548167.890690	548.496174	0.417013	0.000417
0.400	0.998	552132.963791	552.403083	0.420030	0.000420
0.410	0.998	555914.003613	555.707301	0.422906	0.000423
0.420	0.998	561036.304916	560.784662	0.426803	0.000427
0.430	0.998	566100.235205	566.711898	0.430655	0.000431
0.440	0.998	569779.582169	570.292240	0.433454	0.000434
0.450	0.998	575809.656719	575.889173	0.438041	0.000438
0.460	0.998	578815.193679	580.289500	0.440328	0.000441
0.470	0.998	585327.332320	586.744473	0.445282	0.000446
0.480	0.998	590005.360948	589.419405	0.448841	0.000448
0.490	0.998	593729.234563	593.643945	0.451673	0.000452
0.500	0.998	598858.115523	600.194504	0.455575	0.000457
0.510	0.998	603810.855105	604.683738	0.459343	0.000460
0.520	0.998	610244.607919	611.117335	0.464237	0.000465
0.530	0.998	614975.952466	616.861169	0.467837	0.000469
0.540	0.998	619160.232715	620.432861	0.471020	0.000472
0.550	0.998	624360.100928	625.572126	0.474976	0.000476
0.560	0.998	630927.211476	632.060263	0.479971	0.000481
0.570	0.998	636408.075111	637.103254	0.484141	0.000485
0.580	0.998	641489.270208	643.486162	0.488006	0.000490
0.590	0.998	646096.987864	646.698736	0.491512	0.000492
0.600	0.998	651944.518804	653.002984	0.495960	0.000497
0.610	0.998	657993.938946	658.232603	0.500562	0.000501
0.620	0.998	662997.495604	665.536559	0.504369	0.000506
0.630	0.998	667664.205006	668.279802	0.507919	0.000508
0.640	0.998	674044.564788	674.976551	0.512773	0.000513
0.650	0.998	679365.057744	679.701296	0.516820	0.000517
0.660	0.998	684864.146603	685.888900	0.521003	0.000522
0.670	0.999	689531.672381	690.478816	0.524554	0.000525
0.680	0.999	694987.568804	696.702569	0.528705	0.000530
0.690	0.999	701902.998643	702.501179	0.533966	0.000534
0.700	0.999	707236.025089	708.740639	0.538023	0.000539
0.710	0.999	712997.221054	714.399133	0.542405	0.000543
0.720	0.999	717604.393398	718.453660	0.545910	0.000547
0.730	0.999	722774.999805	723.983857	0.549844	0.000551
0.740	0.999	731033.895209	731.277081	0.556127	0.000556
0.750	0.999	735336.626205	735.660822	0.559400	0.000560
0.760	0.999	742995.015981	744.246694	0.565226	0.000566
0.770	0.999	747221.993195	748.233620	0.568441	0.000569
0.780	0.999	751177.358459	752.060332	0.571450	0.000572
0.790	0.999	759003.962838	759.720605	0.577405	0.000578
0.800	0.999	765334.933193	765.684399	0.582221	0.000582
0.810	0.999	770186.629143	770.392244	0.585912	0.000586
0.820	0.999	776195.305722	776.841790	0.590483	0.000591
0.830	0.999	781913.895861	782.896005	0.594833	0.000596
0.840	0.999	787509.371702	790.308610	0.599090	0.000601
0.850	0.999	793315.607273	795.722265	0.603507	0.000605
0.860	0.999	799226.232602	800.328699	0.608003	0.000609
0.870	0.999	804665.753702	805.673376	0.612141	0.000613
0.880	0.999	811725.109104	813.227539	0.617512	0.000619
0.890	0.999	817919.517331	819.410007	0.622224	0.000623
0.900	0.999	823500.832194	824.714680	0.626470	0.000627
0.910	0.999	829706.921702	831.107428	0.631191	0.000632
0.920	0.999	834263.165553	835.585284	0.634657	0.000636
0.930	0.999	839869.384997	840.855057	0.638922	0.000640
0.940	0.999	848116.376217	850.167411	0.645196	0.000647
0.950	0.999	853833.609062	855.953339	0.649545	0.000651
0.960	0.999	860921.341860	861.264351	0.654937	0.000655
0.970	0.999	864037.343878	865.782834	0.657308	0.000659
0.980	0.999	869803.792982	872.360335	0.661694	0.000664
0.990	0.999	876423.104543	876.993294	0.666730	0.000667
1.000	0.999	883281.438100	885.053233	0.671947	0.000673
