#System variables:
#Boundary type: 1
#System Length: 500.000000
#Detection Radius: 1.000000
#Ensembles: 1000000

#p	<fpt>	delta	<fpt>/<fpt>_0	delta

0.000	845211.378002	848.410432	1.000000	0.001004
0.920	137445.980730	137.304248	0.162617	0.000162
0.930	135126.605547	135.154352	0.159873	0.000160
0.940	132881.372203	132.763842	0.157217	0.000157
0.950	130859.050722	130.996220	0.154824	0.000155
0.960	128741.940911	128.588099	0.152319	0.000152
0.970	127071.101966	126.983716	0.150342	0.000150
0.980	125701.005492	125.710222	0.148721	0.000149
0.990	124723.087025	124.790544	0.147564	0.000148